0100,0049,0011,0060,0000,0000,0000,0000,0000,0000,0000,0002,0000,0000,0000,0000,0191,00c9,0011,0048,0000,0000,0000,0002,008c,00a2,0094,00a2,0004,0000,0000,0000,0100,0000,0000,0000,0000,0000,0000,000c,0090,0020,0000,0000,0000,0000,0000,0000,0100,0000,0000,0000,0000,0000,0000,0002,0000,0080,0000,0000,0004,0010,0000,0000,0100,0000,0000,0000,0000,0000,0000,0000,0000,0000,0000,0002,0008,0000,0020,0000,0100,0000,0000,0000,0000,0002,0000,0009,0000,0040,0000,0000,0000,0000,0000,0000,0180,0001,0000,0008,0080,0021,0002,0000,0002,0000,0004,0000,0000,0000,0000,0000,0100,0000,0000,0000,0000,0009,0004,0002,0000,0001,0000,0083,00c9,00e0,0000,0010,0150,0040,0000,0000,0000,0040,0000,0000,0000,0004,0020,0013,0017,00ff,0096,0070

|···············#····#········#·|     |·##···#·############··#·##··###|
|#················#········#····|     |·####··#··####················#|
|········#··············#·······|     |·······························|
|·#·········#···················|     |·······························|
|·······························|     |·#·····#·············#·········|
|#·········#····················|     |········#·····#················|
|··#··#······#··················|     |·······························|
|#·#···##··#·#···#·#··#·#··#·#··|     |·#······#······················|
|·······························|     |·#·····························|
|·#·#·····#·····················|     |··········#····················|
|·······························|     |·············#··#·····#········|
|#··············#············#··|     |·#··········#···#······#·······|
|·······························|     |···············#·············#·|
|·······························|     |·······························|
|·······························|     |·······························|
|·······························|     |·····························##|
|#··#···###··#··#···#···#·#··#··|     |·······························|
|·········#··#··#···#···#·##····|     |·······························|
+—————————————————————————————————————————————————————————————————————+

0100,0049,0011,0060,0000,0000,0000,0000,0000,0000,0000,0002,0000,0000,0000,0000,0191,00c9,0011,0048,0000,0000,0000,0002,008c,00a2,0094,00a2,0004,0000,0000,0000,0100,0000,0000,0000,0000,0000,0000,000c,0090,0020,0000,0000,0000,0000,0000,0000,0100,0000,0000,0000,0000,0000,0000,0002,0000,0080,0000,0000,0004,0010,0000,0000,0100,0000,0000,0000,0000,0000,0000,0000,0000,0000,0000,0002,0008,0000,0020,0000,0100,0000,0000,0000,0000,0002,0000,0009,0000,0040,0000,0000,0000,0000,0000,0000,0180,0001,0000,0008,0080,0009,0002,0000,0002,0000,0004,0000,0000,0000,0000,0000,0100,0000,0000,0000,0000,0009,0004,0002,0000,0001,0000,0083,00c9,00e0,0000,0010,0150,0040,0000,0000,0000,0040,0000,0000,0000,0004,0020,0013,0017,00ff,0096,0070

|···············#····#········#·|     |·##···#·############··#·##··###|
|#················#········#····|     |·####··#··####················#|
|········#··············#·······|     |·······························|
|·#·········#···················|     |·······························|
|·······························|     |·#·····#·············#·········|
|#·········#····················|     |········#·····#················|
|··#··#······#··················|     |·······························|
|#·#···##··#·#···#·#··#·#··#·#··|     |·#······#······················|
|·······························|     |·#·····························|
|·#·#·····#·····················|     |··········#····················|
|·······························|     |·············#··#·····#········|
|#··············#············#··|     |·#·········#····#······#·······|
|·······························|     |···············#·············#·|
|·······························|     |·······························|
|·······························|     |·······························|
|·······························|     |·····························##|
|#··#···###··#··#···#···#·#··#··|     |·······························|
|·········#··#··#···#···#·##····|     |·······························|
+—————————————————————————————————————————————————————————————————————+

0100,0049,0011,0060,0000,0000,0000,0000,0000,0000,0000,0002,0000,0000,0000,0000,0191,00c9,0011,0048,0000,0000,0000,0002,008c,00a2,0094,00a2,0004,0000,0000,0000,0100,0000,0000,0000,0000,0000,0000,000c,0090,0020,0000,0000,0000,0000,0000,0000,0100,0000,0000,0000,0000,0000,0000,0002,0000,0080,0000,0000,0004,0010,0000,0000,0100,0000,0000,0000,0000,0000,0000,0000,0000,0000,0000,0002,0008,0000,0020,0000,0100,0000,0000,0000,0000,0002,0000,0009,0000,0040,0000,0000,0000,0000,0000,0000,0180,0001,0000,0008,0080,0011,0002,0000,0002,0000,0004,0000,0000,0000,0000,0000,0100,0000,0000,0000,0000,0009,0004,0002,0000,0001,0000,0083,00c9,00e0,0000,0010,0150,0040,0000,0000,0000,0040,0000,0000,0000,0004,0020,0013,0017,00ff,0096,0070

|···············#····#········#·|     |·##···#·############··#·##··###|
|#················#········#····|     |·####··#··####················#|
|········#··············#·······|     |·······························|
|·#·········#···················|     |·······························|
|·······························|     |·#·····#·············#·········|
|#·········#····················|     |········#·····#················|
|··#··#······#··················|     |·······························|
|#·#···##··#·#···#·#··#·#··#·#··|     |·#······#······················|
|·······························|     |·#·····························|
|·#·#·····#·····················|     |··········#····················|
|·······························|     |·············#··#·····#········|
|#··············#············#··|     |·#···········#··#······#·······|
|·······························|     |···············#·············#·|
|·······························|     |·······························|
|·······························|     |·······························|
|·······························|     |·····························##|
|#··#···###··#··#···#···#·#··#··|     |·······························|
|·········#··#··#···#···#·##····|     |·······························|
+—————————————————————————————————————————————————————————————————————+